BaselineInfo:
  WebDBID: -1
  TimeStamp: 20220223093333
Version:
  Major: 10
  Minor: 1
  Build: 1005
  SpecialBuildName: ""
  ptArchitecture: x86_64_linux
Results:
  Results Complete: true
  NumTestProcesses: 16
  CPU_INTEGER_MATH: 47131.425900000002
  CPU_FLOATINGPOINT_MATH: 37412.222190108267
  CPU_PRIME: 104272383.73723985
  CPU_SORTING: 24345497.429435574
  CPU_ENCRYPTION: 6472182308.0159626
  CPU_COMPRESSION: 217974152.05837473
  CPU_SINGLETHREAD: 1480.5355808886984
  CPU_PHYSICS: 1663.6088588410062
  CPU_MATRIX_MULT_SSE: 12167.763464871696
  CPU_mm: 2030.4435542327142
  CPU_sse: 7440.2555185033552
  CPU_fma: 11937.345173049851
  CPU_avx: 14366.745186839609
  CPU_avx512: 14926.707981093965
  m_CPU_enc_SHA: 3085926219.5511565
  m_CPU_enc_AES: 13617709771.109932
  m_CPU_enc_ECDSA: 2712910933.3868036
  ME_ALLOC_S: 0
  ME_READ_S: 0
  ME_READ_L: 0
  ME_WRITE: 0
  ME_LARGE: 0
  ME_LATENCY: 0
  ME_THREADED: 0
  SUMM_CPU: 15202.393174536215
  SUMM_ME: 0
SystemInformation:
  OSName: Ubuntu 20.04.3 LTS
  Kernel: 5.14.0
  Device: ""
  Processor: Intel(R) Xeon(R) Gold 5120 CPU @ 2.20GHz
  NumSockets: 1
  Manufacturer: GenuineIntel
  NumCores: 14
  NumLogicals: 28
  CPUFrequency: 2200
  Memory: 191916
  MemModuleInfo:
    iNumMemSticks: 0
Checksum: 6611C6F0F80A288F847ACF7962E3F01EC8CD0FBF