BaselineInfo:
  WebDBID: -1
  TimeStamp: 20220223073340
Version:
  Major: 10
  Minor: 1
  Build: 1005
  SpecialBuildName: ""
  ptArchitecture: x86_64_linux
Results:
  Results Complete: true
  NumTestProcesses: 1
  CPU_INTEGER_MATH: 3332.5766999999996
  CPU_FLOATINGPOINT_MATH: 2627.2481224191893
  CPU_PRIME: 11019105.149472339
  CPU_SORTING: 1623941.846083872
  CPU_ENCRYPTION: 422479778.54413253
  CPU_COMPRESSION: 14177142.117495241
  CPU_SINGLETHREAD: 1479.1278634413638
  CPU_PHYSICS: 163.67098820321786
  CPU_MATRIX_MULT_SSE: 830.28382230475813
  CPU_mm: 145.0652283004589
  CPU_sse: 527.82365600363369
  CPU_fma: 847.39304280821057
  CPU_avx: 1018.3671273071656
  CPU_avx512: 927.55146310002237
  m_CPU_enc_SHA: 221161861.87510914
  m_CPU_enc_AES: 853764884.82442486
  m_CPU_enc_ECDSA: 192512588.93286353
  ME_ALLOC_S: 0
  ME_READ_S: 0
  ME_READ_L: 0
  ME_WRITE: 0
  ME_LARGE: 0
  ME_LATENCY: 0
  ME_THREADED: 0
  SUMM_CPU: 1211.4670907673885
  SUMM_ME: 0
SystemInformation:
  OSName: Ubuntu 20.04.3 LTS
  Kernel: 5.14.0
  Device: ""
  Processor: Intel(R) Xeon(R) Gold 5120 CPU @ 2.20GHz
  NumSockets: 1
  Manufacturer: GenuineIntel
  NumCores: 14
  NumLogicals: 28
  CPUFrequency: 2200
  Memory: 191916
  MemModuleInfo:
    iNumMemSticks: 0
Checksum: 8501DB63ECC205A9414686E0C9F8B5442C685205