BaselineInfo:
  WebDBID: -1
  TimeStamp: 20220223085238
Version:
  Major: 10
  Minor: 1
  Build: 1005
  SpecialBuildName: ""
  ptArchitecture: x86_64_linux
Results:
  Results Complete: true
  NumTestProcesses: 11
  CPU_INTEGER_MATH: 34514.409950000001
  CPU_FLOATINGPOINT_MATH: 28866.608034007353
  CPU_PRIME: 90931302.199493527
  CPU_SORTING: 17990638.711451158
  CPU_ENCRYPTION: 4652097537.3577232
  CPU_COMPRESSION: 161373485.92502686
  CPU_SINGLETHREAD: 1483.3243573173013
  CPU_PHYSICS: 1342.8794350389874
  CPU_MATRIX_MULT_SSE: 9502.3391266379313
  CPU_mm: 1591.5975061351796
  CPU_sse: 5874.4697981866066
  CPU_fma: 9326.1263362164264
  CPU_avx: 11214.546183816436
  CPU_avx512: 11594.214188332257
  m_CPU_enc_SHA: 2430688686.8044596
  m_CPU_enc_AES: 9398587294.9814301
  m_CPU_enc_ECDSA: 2127016630.2872787
  ME_ALLOC_S: 0
  ME_READ_S: 0
  ME_READ_L: 0
  ME_WRITE: 0
  ME_LARGE: 0
  ME_LATENCY: 0
  ME_THREADED: 0
  SUMM_CPU: 11810.223480503413
  SUMM_ME: 0
SystemInformation:
  OSName: Ubuntu 20.04.3 LTS
  Kernel: 5.14.0
  Device: ""
  Processor: Intel(R) Xeon(R) Gold 5120 CPU @ 2.20GHz
  NumSockets: 1
  Manufacturer: GenuineIntel
  NumCores: 14
  NumLogicals: 28
  CPUFrequency: 2200
  Memory: 191916
  MemModuleInfo:
    iNumMemSticks: 0
Checksum: DB7A5DDD1B7D10F7FADC43A2A511F73A8EFFF65F