BaselineInfo:
  WebDBID: -1
  TimeStamp: 20220223094210
Version:
  Major: 10
  Minor: 1
  Build: 1005
  SpecialBuildName: ""
  ptArchitecture: x86_64_linux
Results:
  Results Complete: true
  NumTestProcesses: 17
  CPU_INTEGER_MATH: 48723.338200000006
  CPU_FLOATINGPOINT_MATH: 37752.176510573016
  CPU_PRIME: 103968695.35914785
  CPU_SORTING: 25060567.083332986
  CPU_ENCRYPTION: 6750696238.6504765
  CPU_COMPRESSION: 225415913.52139434
  CPU_SINGLETHREAD: 1479.5461266132065
  CPU_PHYSICS: 1707.8946536502162
  CPU_MATRIX_MULT_SSE: 12250.733331445088
  CPU_mm: 2039.0464847234259
  CPU_sse: 7412.2095269397178
  CPU_fma: 12010.129502546082
  CPU_avx: 14417.774256892262
  CPU_avx512: 15162.820039402293
  m_CPU_enc_SHA: 3086618393.0553579
  m_CPU_enc_AES: 14448150190.911957
  m_CPU_enc_ECDSA: 2717320131.9841137
  ME_ALLOC_S: 0
  ME_READ_S: 0
  ME_READ_L: 0
  ME_WRITE: 0
  ME_LARGE: 0
  ME_LATENCY: 0
  ME_THREADED: 0
  SUMM_CPU: 15552.808890023574
  SUMM_ME: 0
SystemInformation:
  OSName: Ubuntu 20.04.3 LTS
  Kernel: 5.14.0
  Device: ""
  Processor: Intel(R) Xeon(R) Gold 5120 CPU @ 2.20GHz
  NumSockets: 1
  Manufacturer: GenuineIntel
  NumCores: 14
  NumLogicals: 28
  CPUFrequency: 2200
  Memory: 191916
  MemModuleInfo:
    iNumMemSticks: 0
Checksum: 1D5F98E37ED49B790A6C20D2FF5F4CB3F214C204