BaselineInfo:
  WebDBID: -1
  TimeStamp: 20220223082105
Version:
  Major: 10
  Minor: 1
  Build: 1005
  SpecialBuildName: ""
  ptArchitecture: x86_64_linux
Results:
  Results Complete: true
  NumTestProcesses: 7
  CPU_INTEGER_MATH: 21965.355199999998
  CPU_FLOATINGPOINT_MATH: 18391.501481351439
  CPU_PRIME: 68006303.871648237
  CPU_SORTING: 11457302.686080731
  CPU_ENCRYPTION: 2961576682.6437383
  CPU_COMPRESSION: 102720105.1840369
  CPU_SINGLETHREAD: 1482.8508676161669
  CPU_PHYSICS: 928.28951043632378
  CPU_MATRIX_MULT_SSE: 6027.9490437993281
  CPU_mm: 1013.4884106817336
  CPU_sse: 3738.5508843305538
  CPU_fma: 5939.0668407863013
  CPU_avx: 7132.7916793962595
  CPU_avx512: 7301.3867706841957
  m_CPU_enc_SHA: 1547182982.8141904
  m_CPU_enc_AES: 5983150404.3728189
  m_CPU_enc_ECDSA: 1354396660.7442038
  ME_ALLOC_S: 0
  ME_READ_S: 0
  ME_READ_L: 0
  ME_WRITE: 0
  ME_LARGE: 0
  ME_LATENCY: 0
  ME_THREADED: 0
  SUMM_CPU: 7884.001051955498
  SUMM_ME: 0
SystemInformation:
  OSName: Ubuntu 20.04.3 LTS
  Kernel: 5.14.0
  Device: ""
  Processor: Intel(R) Xeon(R) Gold 5120 CPU @ 2.20GHz
  NumSockets: 1
  Manufacturer: GenuineIntel
  NumCores: 14
  NumLogicals: 28
  CPUFrequency: 2200
  Memory: 191916
  MemModuleInfo:
    iNumMemSticks: 0
Checksum: 01CCE74031B980AE56CDD3C0E4FCBB80A10AD1E8