BaselineInfo:
  WebDBID: -1
  TimeStamp: 20220223102517
Version:
  Major: 10
  Minor: 1
  Build: 1005
  SpecialBuildName: ""
  ptArchitecture: x86_64_linux
Results:
  Results Complete: true
  NumTestProcesses: 22
  CPU_INTEGER_MATH: 56751.041949999999
  CPU_FLOATINGPOINT_MATH: 39351.395856610761
  CPU_PRIME: 102051825.75961083
  CPU_SORTING: 28730874.179216191
  CPU_ENCRYPTION: 8124844857.1439047
  CPU_COMPRESSION: 259073057.28721899
  CPU_SINGLETHREAD: 1481.9760361677875
  CPU_PHYSICS: 1795.5754909468233
  CPU_MATRIX_MULT_SSE: 12670.704301252707
  CPU_mm: 2059.3835865839628
  CPU_sse: 7584.1664936923889
  CPU_fma: 12210.892745022629
  CPU_avx: 14657.854970013712
  CPU_avx512: 16229.902996282108
  m_CPU_enc_SHA: 3072840166.8398576
  m_CPU_enc_AES: 18567833842.615993
  m_CPU_enc_ECDSA: 2733860561.9758615
  ME_ALLOC_S: 0
  ME_READ_S: 0
  ME_READ_L: 0
  ME_WRITE: 0
  ME_LARGE: 0
  ME_LATENCY: 0
  ME_THREADED: 0
  SUMM_CPU: 17133.244625720934
  SUMM_ME: 0
SystemInformation:
  OSName: Ubuntu 20.04.3 LTS
  Kernel: 5.14.0
  Device: ""
  Processor: Intel(R) Xeon(R) Gold 5120 CPU @ 2.20GHz
  NumSockets: 1
  Manufacturer: GenuineIntel
  NumCores: 14
  NumLogicals: 28
  CPUFrequency: 2200
  Memory: 191916
  MemModuleInfo:
    iNumMemSticks: 0
Checksum: E6CAB1D21E93EF3320B391948E0A24E53AFEEB18