BaselineInfo:
  WebDBID: -1
  TimeStamp: 20220223103356
Version:
  Major: 10
  Minor: 1
  Build: 1005
  SpecialBuildName: ""
  ptArchitecture: x86_64_linux
Results:
  Results Complete: true
  NumTestProcesses: 23
  CPU_INTEGER_MATH: 58361.609500000006
  CPU_FLOATINGPOINT_MATH: 39650.947640176673
  CPU_PRIME: 101242953.68600684
  CPU_SORTING: 29448033.80121585
  CPU_ENCRYPTION: 8387324310.3336487
  CPU_COMPRESSION: 263659851.82475394
  CPU_SINGLETHREAD: 1480.2967078273746
  CPU_PHYSICS: 1800.8219769107088
  CPU_MATRIX_MULT_SSE: 12748.177534859609
  CPU_mm: 2062.4243151822006
  CPU_sse: 7596.8891199843538
  CPU_fma: 12282.743761156471
  CPU_avx: 14701.10054195898
  CPU_avx512: 16411.976716338631
  m_CPU_enc_SHA: 3065606143.8282442
  m_CPU_enc_AES: 19361846995.833458
  m_CPU_enc_ECDSA: 2734519791.3392429
  ME_ALLOC_S: 0
  ME_READ_S: 0
  ME_READ_L: 0
  ME_WRITE: 0
  ME_LARGE: 0
  ME_LATENCY: 0
  ME_THREADED: 0
  SUMM_CPU: 17394.301784189523
  SUMM_ME: 0
SystemInformation:
  OSName: Ubuntu 20.04.3 LTS
  Kernel: 5.14.0
  Device: ""
  Processor: Intel(R) Xeon(R) Gold 5120 CPU @ 2.20GHz
  NumSockets: 1
  Manufacturer: GenuineIntel
  NumCores: 14
  NumLogicals: 28
  CPUFrequency: 2200
  Memory: 191916
  MemModuleInfo:
    iNumMemSticks: 0
Checksum: E5D446AE91AA618342EAAC364830B36B9C4E5E35