BaselineInfo:
  WebDBID: -1
  TimeStamp: 20220223083651
Version:
  Major: 10
  Minor: 1
  Build: 1005
  SpecialBuildName: ""
  ptArchitecture: x86_64_linux
Results:
  Results Complete: true
  NumTestProcesses: 9
  CPU_INTEGER_MATH: 28234.012650000001
  CPU_FLOATINGPOINT_MATH: 23641.716868398602
  CPU_PRIME: 80425976.757455647
  CPU_SORTING: 14715348.553469116
  CPU_ENCRYPTION: 3805979805.7149506
  CPU_COMPRESSION: 132008115.71382485
  CPU_SINGLETHREAD: 1479.4192063966045
  CPU_PHYSICS: 1142.5329014228093
  CPU_MATRIX_MULT_SSE: 7765.7129520183307
  CPU_mm: 1300.1915460831567
  CPU_sse: 4809.7153990305214
  CPU_fma: 7636.8776564231957
  CPU_avx: 9169.7565272630545
  CPU_avx512: 9446.5022253565494
  m_CPU_enc_SHA: 1988176639.7992272
  m_CPU_enc_AES: 7690976970.931551
  m_CPU_enc_ECDSA: 1738785806.4140728
  ME_ALLOC_S: 0
  ME_READ_S: 0
  ME_READ_L: 0
  ME_WRITE: 0
  ME_LARGE: 0
  ME_LATENCY: 0
  ME_THREADED: 0
  SUMM_CPU: 9890.2154629205907
  SUMM_ME: 0
SystemInformation:
  OSName: Ubuntu 20.04.3 LTS
  Kernel: 5.14.0
  Device: ""
  Processor: Intel(R) Xeon(R) Gold 5120 CPU @ 2.20GHz
  NumSockets: 1
  Manufacturer: GenuineIntel
  NumCores: 14
  NumLogicals: 28
  CPUFrequency: 2200
  Memory: 191916
  MemModuleInfo:
    iNumMemSticks: 0
Checksum: 8ECD0AE2DF99B14853A01F7A5B8DE6CCD3BE4514