BaselineInfo:
  WebDBID: -1
  TimeStamp: 20220223095047
Version:
  Major: 10
  Minor: 1
  Build: 1005
  SpecialBuildName: ""
  ptArchitecture: x86_64_linux
Results:
  Results Complete: true
  NumTestProcesses: 18
  CPU_INTEGER_MATH: 50340.206999999995
  CPU_FLOATINGPOINT_MATH: 38031.348093869194
  CPU_PRIME: 103418013.46819425
  CPU_SORTING: 25826385.559598513
  CPU_ENCRYPTION: 7023036156.3728933
  CPU_COMPRESSION: 232707702.67109925
  CPU_SINGLETHREAD: 1482.5659900690134
  CPU_PHYSICS: 1720.8462813869805
  CPU_MATRIX_MULT_SSE: 12347.559264398502
  CPU_mm: 2038.4856203331351
  CPU_sse: 7531.8467196916454
  CPU_fma: 12049.569644679306
  CPU_avx: 14449.366301784112
  CPU_avx512: 15359.454391438954
  m_CPU_enc_SHA: 3082688438.2711701
  m_CPU_enc_AES: 15269820231.63802
  m_CPU_enc_ECDSA: 2716599799.2094965
  ME_ALLOC_S: 0
  ME_READ_S: 0
  ME_READ_L: 0
  ME_WRITE: 0
  ME_LARGE: 0
  ME_LATENCY: 0
  ME_THREADED: 0
  SUMM_CPU: 15890.600690382224
  SUMM_ME: 0
SystemInformation:
  OSName: Ubuntu 20.04.3 LTS
  Kernel: 5.14.0
  Device: ""
  Processor: Intel(R) Xeon(R) Gold 5120 CPU @ 2.20GHz
  NumSockets: 1
  Manufacturer: GenuineIntel
  NumCores: 14
  NumLogicals: 28
  CPUFrequency: 2200
  Memory: 191916
  MemModuleInfo:
    iNumMemSticks: 0
Checksum: CA39F2FF745CBE3E9DB9F75D8F27C550E8049D5F