BaselineInfo:
  WebDBID: -1
  TimeStamp: 20220223074136
Version:
  Major: 10
  Minor: 1
  Build: 1005
  SpecialBuildName: ""
  ptArchitecture: x86_64_linux
Results:
  Results Complete: true
  NumTestProcesses: 2
  CPU_INTEGER_MATH: 6275.4166500000001
  CPU_FLOATINGPOINT_MATH: 5256.9561116561372
  CPU_PRIME: 22102624.141741548
  CPU_SORTING: 3264706.514964933
  CPU_ENCRYPTION: 845855574.84516871
  CPU_COMPRESSION: 28831756.176303875
  CPU_SINGLETHREAD: 1479.5300683928742
  CPU_PHYSICS: 325.36230020683337
  CPU_MATRIX_MULT_SSE: 1684.7804375336877
  CPU_mm: 289.91861153460411
  CPU_sse: 1069.5039143188135
  CPU_fma: 1696.9003990235083
  CPU_avx: 2034.0658449550665
  CPU_avx512: 1938.6515918373627
  m_CPU_enc_SHA: 442192353.25549477
  m_CPU_enc_AES: 1709421973.6385179
  m_CPU_enc_ECDSA: 385952397.64149392
  ME_ALLOC_S: 0
  ME_READ_S: 0
  ME_READ_L: 0
  ME_WRITE: 0
  ME_LARGE: 0
  ME_LATENCY: 0
  ME_THREADED: 0
  SUMM_CPU: 2384.9649882546614
  SUMM_ME: 0
SystemInformation:
  OSName: Ubuntu 20.04.3 LTS
  Kernel: 5.14.0
  Device: ""
  Processor: Intel(R) Xeon(R) Gold 5120 CPU @ 2.20GHz
  NumSockets: 1
  Manufacturer: GenuineIntel
  NumCores: 14
  NumLogicals: 28
  CPUFrequency: 2200
  Memory: 191916
  MemModuleInfo:
    iNumMemSticks: 0
Checksum: 2B0FE0A12082E84CD5ABEE2C3B17B251976C4485