BaselineInfo:
  WebDBID: -1
  TimeStamp: 20220223100802
Version:
  Major: 10
  Minor: 1
  Build: 1005
  SpecialBuildName: ""
  ptArchitecture: x86_64_linux
Results:
  Results Complete: true
  NumTestProcesses: 20
  CPU_INTEGER_MATH: 53548.753800000006
  CPU_FLOATINGPOINT_MATH: 38693.538351954667
  CPU_PRIME: 102486639.18804002
  CPU_SORTING: 27288146.578957997
  CPU_ENCRYPTION: 7578525985.6333494
  CPU_COMPRESSION: 245761718.35351199
  CPU_SINGLETHREAD: 1477.6875667823153
  CPU_PHYSICS: 1769.1633051511867
  CPU_MATRIX_MULT_SSE: 12490.266047417495
  CPU_mm: 2051.8684307469894
  CPU_sse: 7520.2750915961724
  CPU_fma: 12127.710864152634
  CPU_avx: 14539.629660636398
  CPU_avx512: 15773.448573284773
  m_CPU_enc_SHA: 3078422240.7627769
  m_CPU_enc_AES: 16929757851.226408
  m_CPU_enc_ECDSA: 2727397864.9108682
  ME_ALLOC_S: 0
  ME_READ_S: 0
  ME_READ_L: 0
  ME_WRITE: 0
  ME_LARGE: 0
  ME_LATENCY: 0
  ME_THREADED: 0
  SUMM_CPU: 16517.368670712265
  SUMM_ME: 0
SystemInformation:
  OSName: Ubuntu 20.04.3 LTS
  Kernel: 5.14.0
  Device: ""
  Processor: Intel(R) Xeon(R) Gold 5120 CPU @ 2.20GHz
  NumSockets: 1
  Manufacturer: GenuineIntel
  NumCores: 14
  NumLogicals: 28
  CPUFrequency: 2200
  Memory: 191916
  MemModuleInfo:
    iNumMemSticks: 0
Checksum: 6C44A3DEC1725D160D5C9EBDDFFE3E840D53C281