BaselineInfo:
  WebDBID: -1
  TimeStamp: 20220223111708
Version:
  Major: 10
  Minor: 1
  Build: 1005
  SpecialBuildName: ""
  ptArchitecture: x86_64_linux
Results:
  Results Complete: true
  NumTestProcesses: 28
  CPU_INTEGER_MATH: 66376.171149999995
  CPU_FLOATINGPOINT_MATH: 41273.554057522735
  CPU_PRIME: 100149813.01041691
  CPU_SORTING: 33083780.242746983
  CPU_ENCRYPTION: 9710880828.7986565
  CPU_COMPRESSION: 299105990.06314695
  CPU_SINGLETHREAD: 1475.5325238496744
  CPU_PHYSICS: 1803.9416747468817
  CPU_MATRIX_MULT_SSE: 13165.320128323154
  CPU_mm: 2078.4753220724424
  CPU_sse: 7642.6850646312996
  CPU_fma: 12489.925833952208
  CPU_avx: 14849.397912799317
  CPU_avx512: 17679.271701909784
  m_CPU_enc_SHA: 3051288778.7236886
  m_CPU_enc_AES: 23332260444.398125
  m_CPU_enc_ECDSA: 2749093263.2741637
  ME_ALLOC_S: 0
  ME_READ_S: 0
  ME_READ_L: 0
  ME_WRITE: 0
  ME_LARGE: 0
  ME_LATENCY: 0
  ME_THREADED: 0
  SUMM_CPU: 18760.527688241538
  SUMM_ME: 0
SystemInformation:
  OSName: Ubuntu 20.04.3 LTS
  Kernel: 5.14.0
  Device: ""
  Processor: Intel(R) Xeon(R) Gold 5120 CPU @ 2.20GHz
  NumSockets: 1
  Manufacturer: GenuineIntel
  NumCores: 14
  NumLogicals: 28
  CPUFrequency: 2200
  Memory: 191916
  MemModuleInfo:
    iNumMemSticks: 0
Checksum: B8ED307DFF2EBFCF91B066428C51570FD536E3C9