BaselineInfo:
  WebDBID: -1
  TimeStamp: 20220223084444
Version:
  Major: 10
  Minor: 1
  Build: 1005
  SpecialBuildName: ""
  ptArchitecture: x86_64_linux
Results:
  Results Complete: true
  NumTestProcesses: 10
  CPU_INTEGER_MATH: 31379.621500000001
  CPU_FLOATINGPOINT_MATH: 26262.987088035443
  CPU_PRIME: 85911026.095641464
  CPU_SORTING: 16364645.288631774
  CPU_ENCRYPTION: 4229579017.4397807
  CPU_COMPRESSION: 146638701.86163712
  CPU_SINGLETHREAD: 1479.8153883653777
  CPU_PHYSICS: 1237.5988763884886
  CPU_MATRIX_MULT_SSE: 8582.0891135628299
  CPU_mm: 1449.9153760017623
  CPU_sse: 5339.714118046827
  CPU_fma: 8479.3827419560039
  CPU_avx: 10193.851853852892
  CPU_avx512: 10315.407740395605
  m_CPU_enc_SHA: 2210598933.312048
  m_CPU_enc_AES: 8544080380.3623772
  m_CPU_enc_ECDSA: 1934057738.6449165
  ME_ALLOC_S: 0
  ME_READ_S: 0
  ME_READ_L: 0
  ME_WRITE: 0
  ME_LARGE: 0
  ME_LATENCY: 0
  ME_THREADED: 0
  SUMM_CPU: 10852.155559031931
  SUMM_ME: 0
SystemInformation:
  OSName: Ubuntu 20.04.3 LTS
  Kernel: 5.14.0
  Device: ""
  Processor: Intel(R) Xeon(R) Gold 5120 CPU @ 2.20GHz
  NumSockets: 1
  Manufacturer: GenuineIntel
  NumCores: 14
  NumLogicals: 28
  CPUFrequency: 2200
  Memory: 191916
  MemModuleInfo:
    iNumMemSticks: 0
Checksum: DA57554905D78A735498C84EEB18A1D288892B3E