BaselineInfo:
  WebDBID: -1
  TimeStamp: 20220223095924
Version:
  Major: 10
  Minor: 1
  Build: 1005
  SpecialBuildName: ""
  ptArchitecture: x86_64_linux
Results:
  Results Complete: true
  NumTestProcesses: 19
  CPU_INTEGER_MATH: 51945.502799999995
  CPU_FLOATINGPOINT_MATH: 38383.781625277428
  CPU_PRIME: 102916655.93607548
  CPU_SORTING: 26559127.752647668
  CPU_ENCRYPTION: 7301788046.3347244
  CPU_COMPRESSION: 238467466.40676898
  CPU_SINGLETHREAD: 1479.9181832599656
  CPU_PHYSICS: 1746.349857170829
  CPU_MATRIX_MULT_SSE: 12423.057587578794
  CPU_mm: 2048.2889097027946
  CPU_sse: 7531.7255327318435
  CPU_fma: 12081.016633741812
  CPU_avx: 14496.881834752177
  CPU_avx512: 15582.606349089365
  m_CPU_enc_SHA: 3081521132.2474027
  m_CPU_enc_AES: 16101471179.212105
  m_CPU_enc_ECDSA: 2722371827.5446663
  ME_ALLOC_S: 0
  ME_READ_S: 0
  ME_READ_L: 0
  ME_WRITE: 0
  ME_LARGE: 0
  ME_LATENCY: 0
  ME_THREADED: 0
  SUMM_CPU: 16202.580840349252
  SUMM_ME: 0
SystemInformation:
  OSName: Ubuntu 20.04.3 LTS
  Kernel: 5.14.0
  Device: ""
  Processor: Intel(R) Xeon(R) Gold 5120 CPU @ 2.20GHz
  NumSockets: 1
  Manufacturer: GenuineIntel
  NumCores: 14
  NumLogicals: 28
  CPUFrequency: 1247
  Memory: 191916
  MemModuleInfo:
    iNumMemSticks: 0
Checksum: 79AD63E64C1DA69F52B4C4147EB5136F40572929