BaselineInfo:
  WebDBID: -1
  TimeStamp: 20220223090031
Version:
  Major: 10
  Minor: 1
  Build: 1005
  SpecialBuildName: ""
  ptArchitecture: x86_64_linux
Results:
  Results Complete: true
  NumTestProcesses: 12
  CPU_INTEGER_MATH: 37645.275649999996
  CPU_FLOATINGPOINT_MATH: 31510.937028013512
  CPU_PRIME: 95993480.769898981
  CPU_SORTING: 19618471.255932964
  CPU_ENCRYPTION: 5075034748.7864532
  CPU_COMPRESSION: 175737958.6714136
  CPU_SINGLETHREAD: 1479.1773804535742
  CPU_PHYSICS: 1395.8997443747808
  CPU_MATRIX_MULT_SSE: 10309.025232443641
  CPU_mm: 1738.2205849712486
  CPU_sse: 6412.5057101673956
  CPU_fma: 10180.672586834669
  CPU_avx: 12231.582026012049
  CPU_avx512: 12411.340606760441
  m_CPU_enc_SHA: 2652207282.3214536
  m_CPU_enc_AES: 10251580920.849548
  m_CPU_enc_ECDSA: 2321316043.1883612
  ME_ALLOC_S: 0
  ME_READ_S: 0
  ME_READ_L: 0
  ME_WRITE: 0
  ME_LARGE: 0
  ME_LATENCY: 0
  ME_THREADED: 0
  SUMM_CPU: 12708.963427250457
  SUMM_ME: 0
SystemInformation:
  OSName: Ubuntu 20.04.3 LTS
  Kernel: 5.14.0
  Device: ""
  Processor: Intel(R) Xeon(R) Gold 5120 CPU @ 2.20GHz
  NumSockets: 1
  Manufacturer: GenuineIntel
  NumCores: 14
  NumLogicals: 28
  CPUFrequency: 2200
  Memory: 191916
  MemModuleInfo:
    iNumMemSticks: 0
Checksum: 661DCA4B2F197AD468E269BDEF5D1419A4EC5EB6