BaselineInfo:
  WebDBID: -1
  TimeStamp: 20220223074931
Version:
  Major: 10
  Minor: 1
  Build: 1005
  SpecialBuildName: ""
  ptArchitecture: x86_64_linux
Results:
  Results Complete: true
  NumTestProcesses: 3
  CPU_INTEGER_MATH: 9414.1065500000004
  CPU_FLOATINGPOINT_MATH: 7875.517961392593
  CPU_PRIME: 32932202.889000434
  CPU_SORTING: 4905042.3419093955
  CPU_ENCRYPTION: 1269502961.7499394
  CPU_COMPRESSION: 43507731.192235172
  CPU_SINGLETHREAD: 1475.9364540498782
  CPU_PHYSICS: 470.11855927501227
  CPU_MATRIX_MULT_SSE: 2539.6849382665168
  CPU_mm: 434.91070414346484
  CPU_sse: 1587.723101049553
  CPU_fma: 2545.8932688711129
  CPU_avx: 3058.50259726275
  CPU_avx512: 2966.6207858826506
  m_CPU_enc_SHA: 663758576.50772142
  m_CPU_enc_AES: 2564229595.78479
  m_CPU_enc_ECDSA: 580520712.95730686
  ME_ALLOC_S: 0
  ME_READ_S: 0
  ME_READ_L: 0
  ME_WRITE: 0
  ME_LARGE: 0
  ME_LATENCY: 0
  ME_THREADED: 0
  SUMM_CPU: 3540.0795601327695
  SUMM_ME: 0
SystemInformation:
  OSName: Ubuntu 20.04.3 LTS
  Kernel: 5.14.0
  Device: ""
  Processor: Intel(R) Xeon(R) Gold 5120 CPU @ 2.20GHz
  NumSockets: 1
  Manufacturer: GenuineIntel
  NumCores: 14
  NumLogicals: 28
  CPUFrequency: 2200
  Memory: 191916
  MemModuleInfo:
    iNumMemSticks: 0
Checksum: 0596D611A9A606C4163A8491BCA1655B8038682F