BaselineInfo:
  WebDBID: -1
  TimeStamp: 20220223105951
Version:
  Major: 10
  Minor: 1
  Build: 1005
  SpecialBuildName: ""
  ptArchitecture: x86_64_linux
Results:
  Results Complete: true
  NumTestProcesses: 26
  CPU_INTEGER_MATH: 63173.623849999996
  CPU_FLOATINGPOINT_MATH: 40639.209910234975
  CPU_PRIME: 100676983.23603755
  CPU_SORTING: 31702421.020253822
  CPU_ENCRYPTION: 9183289826.2958679
  CPU_COMPRESSION: 283477888.76308823
  CPU_SINGLETHREAD: 1477.7923601663115
  CPU_PHYSICS: 1827.5250282485154
  CPU_MATRIX_MULT_SSE: 12970.02411407261
  CPU_mm: 2072.9186111334957
  CPU_sse: 7649.811528989394
  CPU_fma: 12396.677967386075
  CPU_avx: 14843.933921276699
  CPU_avx512: 16989.673038638266
  m_CPU_enc_SHA: 3060065490.0726023
  m_CPU_enc_AES: 21745209753.438744
  m_CPU_enc_ECDSA: 2744594235.3762598
  ME_ALLOC_S: 0
  ME_READ_S: 0
  ME_READ_L: 0
  ME_WRITE: 0
  ME_LARGE: 0
  ME_LATENCY: 0
  ME_THREADED: 0
  SUMM_CPU: 18229.258812705761
  SUMM_ME: 0
SystemInformation:
  OSName: Ubuntu 20.04.3 LTS
  Kernel: 5.14.0
  Device: ""
  Processor: Intel(R) Xeon(R) Gold 5120 CPU @ 2.20GHz
  NumSockets: 1
  Manufacturer: GenuineIntel
  NumCores: 14
  NumLogicals: 28
  CPUFrequency: 2200
  Memory: 191916
  MemModuleInfo:
    iNumMemSticks: 0
Checksum: 7A29F94832C12045AFF77F7B5D0D8A300D5EB22E