BaselineInfo:
  WebDBID: -1
  TimeStamp: 20220223091619
Version:
  Major: 10
  Minor: 1
  Build: 1005
  SpecialBuildName: ""
  ptArchitecture: x86_64_linux
Results:
  Results Complete: true
  NumTestProcesses: 14
  CPU_INTEGER_MATH: 43922.669650000003
  CPU_FLOATINGPOINT_MATH: 36764.446566977684
  CPU_PRIME: 105299730.28230202
  CPU_SORTING: 22849971.034682967
  CPU_ENCRYPTION: 5920700553.7304726
  CPU_COMPRESSION: 204970552.21032333
  CPU_SINGLETHREAD: 1480.5125021587314
  CPU_PHYSICS: 1540.7061577663021
  CPU_MATRIX_MULT_SSE: 11988.254009465552
  CPU_mm: 2020.4246798746703
  CPU_sse: 7474.4820307635691
  CPU_fma: 11876.460035250258
  CPU_avx: 14139.631515951663
  CPU_avx512: 14462.44245589672
  m_CPU_enc_SHA: 3094637438.4696078
  m_CPU_enc_AES: 11960585265.712015
  m_CPU_enc_ECDSA: 2706878957.0097928
  ME_ALLOC_S: 0
  ME_READ_S: 0
  ME_READ_L: 0
  ME_WRITE: 0
  ME_LARGE: 0
  ME_LATENCY: 0
  ME_THREADED: 0
  SUMM_CPU: 14480.080209350917
  SUMM_ME: 0
SystemInformation:
  OSName: Ubuntu 20.04.3 LTS
  Kernel: 5.14.0
  Device: ""
  Processor: Intel(R) Xeon(R) Gold 5120 CPU @ 2.20GHz
  NumSockets: 1
  Manufacturer: GenuineIntel
  NumCores: 14
  NumLogicals: 28
  CPUFrequency: 2200
  Memory: 191916
  MemModuleInfo:
    iNumMemSticks: 0
Checksum: 641FA07738284E1FC9BB8F302EA6141C061F087E