BaselineInfo:
  WebDBID: -1
  TimeStamp: 20220223101640
Version:
  Major: 10
  Minor: 1
  Build: 1005
  SpecialBuildName: ""
  ptArchitecture: x86_64_linux
Results:
  Results Complete: true
  NumTestProcesses: 21
  CPU_INTEGER_MATH: 55156.744050000008
  CPU_FLOATINGPOINT_MATH: 39028.535796596028
  CPU_PRIME: 102161627.939578
  CPU_SORTING: 28028115.100476913
  CPU_ENCRYPTION: 7850693476.6084671
  CPU_COMPRESSION: 252311605.10542196
  CPU_SINGLETHREAD: 1480.0056946417842
  CPU_PHYSICS: 1785.6877812203013
  CPU_MATRIX_MULT_SSE: 12579.873767996327
  CPU_mm: 2045.2397291254456
  CPU_sse: 7570.8511611613749
  CPU_fma: 12176.045402577025
  CPU_avx: 14587.061215568048
  CPU_avx512: 15985.537292678857
  m_CPU_enc_SHA: 3076144967.9751563
  m_CPU_enc_AES: 17750652619.332939
  m_CPU_enc_ECDSA: 2725282842.5173006
  ME_ALLOC_S: 0
  ME_READ_S: 0
  ME_READ_L: 0
  ME_WRITE: 0
  ME_LARGE: 0
  ME_LATENCY: 0
  ME_THREADED: 0
  SUMM_CPU: 16829.197208124533
  SUMM_ME: 0
SystemInformation:
  OSName: Ubuntu 20.04.3 LTS
  Kernel: 5.14.0
  Device: ""
  Processor: Intel(R) Xeon(R) Gold 5120 CPU @ 2.20GHz
  NumSockets: 1
  Manufacturer: GenuineIntel
  NumCores: 14
  NumLogicals: 28
  CPUFrequency: 2200
  Memory: 191916
  MemModuleInfo:
    iNumMemSticks: 0
Checksum: DF02DD51F57CB50C1F0DF3E65A3FE695A6799EC0