BaselineInfo:
  WebDBID: -1
  TimeStamp: 20220223075725
Version:
  Major: 10
  Minor: 1
  Build: 1005
  SpecialBuildName: ""
  ptArchitecture: x86_64_linux
Results:
  Results Complete: true
  NumTestProcesses: 4
  CPU_INTEGER_MATH: 12552.445
  CPU_FLOATINGPOINT_MATH: 10510.14639294936
  CPU_PRIME: 43486372.714012571
  CPU_SORTING: 6544199.6961050499
  CPU_ENCRYPTION: 1692455773.3453465
  CPU_COMPRESSION: 58426964.162786596
  CPU_SINGLETHREAD: 1479.3634340834103
  CPU_PHYSICS: 594.91327112007275
  CPU_MATRIX_MULT_SSE: 3405.1481975384513
  CPU_mm: 580.00790724176727
  CPU_sse: 2138.2426344987962
  CPU_fma: 3394.2388030422894
  CPU_avx: 4071.5260245658701
  CPU_avx512: 4016.5853280468477
  m_CPU_enc_SHA: 884699845.35864222
  m_CPU_enc_AES: 3419073242.3572159
  m_CPU_enc_ECDSA: 773594232.32018137
  ME_ALLOC_S: 0
  ME_READ_S: 0
  ME_READ_L: 0
  ME_WRITE: 0
  ME_LARGE: 0
  ME_LATENCY: 0
  ME_THREADED: 0
  SUMM_CPU: 4670.3888156620642
  SUMM_ME: 0
SystemInformation:
  OSName: Ubuntu 20.04.3 LTS
  Kernel: 5.14.0
  Device: ""
  Processor: Intel(R) Xeon(R) Gold 5120 CPU @ 2.20GHz
  NumSockets: 1
  Manufacturer: GenuineIntel
  NumCores: 14
  NumLogicals: 28
  CPUFrequency: 999
  Memory: 191916
  MemModuleInfo:
    iNumMemSticks: 0
Checksum: 731AA91475EA033962096F98EAFC6C0DAF3A6B4F