BaselineInfo:
  WebDBID: -1
  TimeStamp: 20220223104234
Version:
  Major: 10
  Minor: 1
  Build: 1005
  SpecialBuildName: ""
  ptArchitecture: x86_64_linux
Results:
  Results Complete: true
  NumTestProcesses: 24
  CPU_INTEGER_MATH: 59951.196550000008
  CPU_FLOATINGPOINT_MATH: 39991.304979063454
  CPU_PRIME: 101050851.40259726
  CPU_SORTING: 30196800.563934386
  CPU_ENCRYPTION: 8660939524.7958221
  CPU_COMPRESSION: 272440261.49777395
  CPU_SINGLETHREAD: 1479.7730009695831
  CPU_PHYSICS: 1813.5508791969896
  CPU_MATRIX_MULT_SSE: 12811.952090796018
  CPU_mm: 2061.7926012043308
  CPU_sse: 7575.0461357432287
  CPU_fma: 12311.452419882904
  CPU_avx: 14750.017479460203
  CPU_avx512: 16611.292328097741
  m_CPU_enc_SHA: 3066914822.380187
  m_CPU_enc_AES: 20177200236.978039
  m_CPU_enc_ECDSA: 2738703515.0292435
  ME_ALLOC_S: 0
  ME_READ_S: 0
  ME_READ_L: 0
  ME_WRITE: 0
  ME_LARGE: 0
  ME_LATENCY: 0
  ME_THREADED: 0
  SUMM_CPU: 17698.895813111831
  SUMM_ME: 0
SystemInformation:
  OSName: Ubuntu 20.04.3 LTS
  Kernel: 5.14.0
  Device: ""
  Processor: Intel(R) Xeon(R) Gold 5120 CPU @ 2.20GHz
  NumSockets: 1
  Manufacturer: GenuineIntel
  NumCores: 14
  NumLogicals: 28
  CPUFrequency: 2200
  Memory: 191916
  MemModuleInfo:
    iNumMemSticks: 0
Checksum: AC4CB0BA08CCBFF789736D82F16101A068E568E2