BaselineInfo:
  WebDBID: -1
  TimeStamp: 20220223082858
Version:
  Major: 10
  Minor: 1
  Build: 1005
  SpecialBuildName: ""
  ptArchitecture: x86_64_linux
Results:
  Results Complete: true
  NumTestProcesses: 8
  CPU_INTEGER_MATH: 25101.751799999998
  CPU_FLOATINGPOINT_MATH: 21001.822272366673
  CPU_PRIME: 74580539.2903063
  CPU_SORTING: 13095447.67461627
  CPU_ENCRYPTION: 3383651606.6391821
  CPU_COMPRESSION: 117331801.74395224
  CPU_SINGLETHREAD: 1479.9769682468611
  CPU_PHYSICS: 1033.4384008201773
  CPU_MATRIX_MULT_SSE: 6857.2742640636443
  CPU_mm: 1159.7758244927786
  CPU_sse: 4277.8781184996506
  CPU_fma: 6786.2928628312147
  CPU_avx: 8153.9071317217622
  CPU_avx512: 8211.018943201947
  m_CPU_enc_SHA: 1768521331.9505754
  m_CPU_enc_AES: 6835719335.3054485
  m_CPU_enc_ECDSA: 1546714152.6615236
  ME_ALLOC_S: 0
  ME_READ_S: 0
  ME_READ_L: 0
  ME_WRITE: 0
  ME_LARGE: 0
  ME_LATENCY: 0
  ME_THREADED: 0
  SUMM_CPU: 8891.9233528106251
  SUMM_ME: 0
SystemInformation:
  OSName: Ubuntu 20.04.3 LTS
  Kernel: 5.14.0
  Device: ""
  Processor: Intel(R) Xeon(R) Gold 5120 CPU @ 2.20GHz
  NumSockets: 1
  Manufacturer: GenuineIntel
  NumCores: 14
  NumLogicals: 28
  CPUFrequency: 2200
  Memory: 191916
  MemModuleInfo:
    iNumMemSticks: 0
Checksum: 1C69AC6DEDEFB50786282DB297B6B30122E5736B