BaselineInfo:
  WebDBID: -1
  TimeStamp: 20220223092455
Version:
  Major: 10
  Minor: 1
  Build: 1005
  SpecialBuildName: ""
  ptArchitecture: x86_64_linux
Results:
  Results Complete: true
  NumTestProcesses: 15
  CPU_INTEGER_MATH: 45523.272349999999
  CPU_FLOATINGPOINT_MATH: 37069.700311261171
  CPU_PRIME: 104908739.20731138
  CPU_SORTING: 23588327.512221809
  CPU_ENCRYPTION: 6197792270.1765995
  CPU_COMPRESSION: 212325383.90119064
  CPU_SINGLETHREAD: 1479.2650902412843
  CPU_PHYSICS: 1634.5674059204757
  CPU_MATRIX_MULT_SSE: 12100.521098047804
  CPU_mm: 2025.1012629780669
  CPU_sse: 7432.1424805247325
  CPU_fma: 11918.090667354976
  CPU_avx: 14318.626055677765
  CPU_avx512: 14733.225188633745
  m_CPU_enc_SHA: 3091628280.9531903
  m_CPU_enc_AES: 12790260161.626001
  m_CPU_enc_ECDSA: 2711488367.9506106
  ME_ALLOC_S: 0
  ME_READ_S: 0
  ME_READ_L: 0
  ME_WRITE: 0
  ME_LARGE: 0
  ME_LATENCY: 0
  ME_THREADED: 0
  SUMM_CPU: 14864.862660081393
  SUMM_ME: 0
SystemInformation:
  OSName: Ubuntu 20.04.3 LTS
  Kernel: 5.14.0
  Device: ""
  Processor: Intel(R) Xeon(R) Gold 5120 CPU @ 2.20GHz
  NumSockets: 1
  Manufacturer: GenuineIntel
  NumCores: 14
  NumLogicals: 28
  CPUFrequency: 2200
  Memory: 191916
  MemModuleInfo:
    iNumMemSticks: 0
Checksum: 0CC9E3E74AC390C95E5285B84D9B5B26250AA610