BaselineInfo:
  WebDBID: -1
  TimeStamp: 20220223080519
Version:
  Major: 10
  Minor: 1
  Build: 1005
  SpecialBuildName: ""
  ptArchitecture: x86_64_linux
Results:
  Results Complete: true
  NumTestProcesses: 5
  CPU_INTEGER_MATH: 15690.5172
  CPU_FLOATINGPOINT_MATH: 13135.719896999959
  CPU_PRIME: 53206864.470829651
  CPU_SORTING: 8193883.8904772149
  CPU_ENCRYPTION: 2114657252.7946754
  CPU_COMPRESSION: 73314124.398906797
  CPU_SINGLETHREAD: 1480.6450334852989
  CPU_PHYSICS: 708.70362552211236
  CPU_MATRIX_MULT_SSE: 4290.6143448761286
  CPU_mm: 724.25900203283618
  CPU_sse: 2669.4395706719747
  CPU_fma: 4240.7879462323444
  CPU_avx: 5098.3477083664329
  CPU_avx512: 5153.8821542337646
  m_CPU_enc_SHA: 1104775258.5831249
  m_CPU_enc_AES: 4272614765.6344061
  m_CPU_enc_ECDSA: 966581734.16649401
  ME_ALLOC_S: 0
  ME_READ_S: 0
  ME_READ_L: 0
  ME_WRITE: 0
  ME_LARGE: 0
  ME_LATENCY: 0
  ME_THREADED: 0
  SUMM_CPU: 5773.8535773334052
  SUMM_ME: 0
SystemInformation:
  OSName: Ubuntu 20.04.3 LTS
  Kernel: 5.14.0
  Device: ""
  Processor: Intel(R) Xeon(R) Gold 5120 CPU @ 2.20GHz
  NumSockets: 1
  Manufacturer: GenuineIntel
  NumCores: 14
  NumLogicals: 28
  CPUFrequency: 2200
  Memory: 191916
  MemModuleInfo:
    iNumMemSticks: 0
Checksum: 5A267F2F25D87A37DDC337D85257B1E74E8D4E26