BaselineInfo:
  WebDBID: -1
  TimeStamp: 20220223105112
Version:
  Major: 10
  Minor: 1
  Build: 1005
  SpecialBuildName: ""
  ptArchitecture: x86_64_linux
Results:
  Results Complete: true
  NumTestProcesses: 25
  CPU_INTEGER_MATH: 61564.057399999991
  CPU_FLOATINGPOINT_MATH: 40296.584861936368
  CPU_PRIME: 101123279.56730896
  CPU_SORTING: 30946667.007219292
  CPU_ENCRYPTION: 8917558233.7146034
  CPU_COMPRESSION: 278576188.23254848
  CPU_SINGLETHREAD: 1479.9367884605572
  CPU_PHYSICS: 1828.5064682677248
  CPU_MATRIX_MULT_SSE: 12896.560060932567
  CPU_mm: 2070.5426694324265
  CPU_sse: 7633.3581052160507
  CPU_fma: 12359.982328083292
  CPU_avx: 14791.530843200573
  CPU_avx512: 16801.368967230352
  m_CPU_enc_SHA: 3063583932.0542746
  m_CPU_enc_AES: 20945560157.926903
  m_CPU_enc_ECDSA: 2743530611.1626368
  ME_ALLOC_S: 0
  ME_READ_S: 0
  ME_READ_L: 0
  ME_WRITE: 0
  ME_LARGE: 0
  ME_LATENCY: 0
  ME_THREADED: 0
  SUMM_CPU: 17977.116924226109
  SUMM_ME: 0
SystemInformation:
  OSName: Ubuntu 20.04.3 LTS
  Kernel: 5.14.0
  Device: ""
  Processor: Intel(R) Xeon(R) Gold 5120 CPU @ 2.20GHz
  NumSockets: 1
  Manufacturer: GenuineIntel
  NumCores: 14
  NumLogicals: 28
  CPUFrequency: 1225
  Memory: 191916
  MemModuleInfo:
    iNumMemSticks: 0
Checksum: 5C9CFE52517D3A53489E7BDDAF67B380D729A581