BaselineInfo:
  WebDBID: -1
  TimeStamp: 20220223090825
Version:
  Major: 10
  Minor: 1
  Build: 1005
  SpecialBuildName: ""
  ptArchitecture: x86_64_linux
Results:
  Results Complete: true
  NumTestProcesses: 13
  CPU_INTEGER_MATH: 40783.78095
  CPU_FLOATINGPOINT_MATH: 34162.488274548698
  CPU_PRIME: 100862290.36652617
  CPU_SORTING: 21232939.321391284
  CPU_ENCRYPTION: 5498791906.3116407
  CPU_COMPRESSION: 190249636.28301394
  CPU_SINGLETHREAD: 1477.3374027589223
  CPU_PHYSICS: 1456.393923497455
  CPU_MATRIX_MULT_SSE: 11156.851462402497
  CPU_mm: 1883.9770969404938
  CPU_sse: 6873.3826657921918
  CPU_fma: 11027.153924782779
  CPU_avx: 13252.010199152979
  CPU_avx512: 13474.859059882036
  m_CPU_enc_SHA: 2873811634.5851288
  m_CPU_enc_AES: 11107567272.007151
  m_CPU_enc_ECDSA: 2514996812.3426437
  ME_ALLOC_S: 0
  ME_READ_S: 0
  ME_READ_L: 0
  ME_WRITE: 0
  ME_LARGE: 0
  ME_LATENCY: 0
  ME_THREADED: 0
  SUMM_CPU: 13598.865533220876
  SUMM_ME: 0
SystemInformation:
  OSName: Ubuntu 20.04.3 LTS
  Kernel: 5.14.0
  Device: ""
  Processor: Intel(R) Xeon(R) Gold 5120 CPU @ 2.20GHz
  NumSockets: 1
  Manufacturer: GenuineIntel
  NumCores: 14
  NumLogicals: 28
  CPUFrequency: 2200
  Memory: 191916
  MemModuleInfo:
    iNumMemSticks: 0
Checksum: 019B62B1D938FB1F5AC86D50B86FDCA4337CA1B4