BaselineInfo:
  WebDBID: -1
  TimeStamp: 20220223110829
Version:
  Major: 10
  Minor: 1
  Build: 1005
  SpecialBuildName: ""
  ptArchitecture: x86_64_linux
Results:
  Results Complete: true
  NumTestProcesses: 27
  CPU_INTEGER_MATH: 64764.858099999998
  CPU_FLOATINGPOINT_MATH: 40964.156652240432
  CPU_PRIME: 100462506.10642943
  CPU_SORTING: 32219257.133013673
  CPU_ENCRYPTION: 9453288654.7698212
  CPU_COMPRESSION: 291123822.95868587
  CPU_SINGLETHREAD: 1479.8605260835625
  CPU_PHYSICS: 1820.1235202634925
  CPU_MATRIX_MULT_SSE: 13057.834092048619
  CPU_mm: 2076.9570662627093
  CPU_sse: 7626.114431580736
  CPU_fma: 12454.777209814669
  CPU_avx: 14892.782577635522
  CPU_avx512: 17257.662149163556
  m_CPU_enc_SHA: 3057821629.3717194
  m_CPU_enc_AES: 22555976652.371342
  m_CPU_enc_ECDSA: 2746067682.5664124
  ME_ALLOC_S: 0
  ME_READ_S: 0
  ME_READ_L: 0
  ME_WRITE: 0
  ME_LARGE: 0
  ME_LATENCY: 0
  ME_THREADED: 0
  SUMM_CPU: 18495.627981076643
  SUMM_ME: 0
SystemInformation:
  OSName: Ubuntu 20.04.3 LTS
  Kernel: 5.14.0
  Device: ""
  Processor: Intel(R) Xeon(R) Gold 5120 CPU @ 2.20GHz
  NumSockets: 1
  Manufacturer: GenuineIntel
  NumCores: 14
  NumLogicals: 28
  CPUFrequency: 1227
  Memory: 191916
  MemModuleInfo:
    iNumMemSticks: 0
Checksum: 3A1F9D42DF9BE2927FA33E591213B497272CCE69