BaselineInfo:
  WebDBID: -1
  TimeStamp: 20220223081312
Version:
  Major: 10
  Minor: 1
  Build: 1005
  SpecialBuildName: ""
  ptArchitecture: x86_64_linux
Results:
  Results Complete: true
  NumTestProcesses: 6
  CPU_INTEGER_MATH: 18825.326950000002
  CPU_FLOATINGPOINT_MATH: 15767.462332288531
  CPU_PRIME: 60956054.788705625
  CPU_SORTING: 9774738.2372086253
  CPU_ENCRYPTION: 2538086567.8850117
  CPU_COMPRESSION: 88055580.585731894
  CPU_SINGLETHREAD: 1479.1117707154226
  CPU_PHYSICS: 824.61009269069768
  CPU_MATRIX_MULT_SSE: 5117.0274958429045
  CPU_mm: 869.56885135969878
  CPU_sse: 3182.9886910842793
  CPU_fma: 5081.2720448911232
  CPU_avx: 6111.5348780364802
  CPU_avx512: 6092.3143693597358
  m_CPU_enc_SHA: 1326464011.0141871
  m_CPU_enc_AES: 5127657315.7384892
  m_CPU_enc_ECDSA: 1160138376.9023581
  ME_ALLOC_S: 0
  ME_READ_S: 0
  ME_READ_L: 0
  ME_WRITE: 0
  ME_LARGE: 0
  ME_LATENCY: 0
  ME_THREADED: 0
  SUMM_CPU: 6831.7944157662632
  SUMM_ME: 0
SystemInformation:
  OSName: Ubuntu 20.04.3 LTS
  Kernel: 5.14.0
  Device: ""
  Processor: Intel(R) Xeon(R) Gold 5120 CPU @ 2.20GHz
  NumSockets: 1
  Manufacturer: GenuineIntel
  NumCores: 14
  NumLogicals: 28
  CPUFrequency: 2200
  Memory: 191916
  MemModuleInfo:
    iNumMemSticks: 0
Checksum: 90220D9FA8DB530F845D14544BDB54BA9EE961AF